1. 直接插入排序算法分别在什么情况下可以达到最好和最坏的情况？分别要比较和移动多少次？相应的时间复杂度分别是多少？(2*)
      答：(正确)
      数组已经排列好的状态下最好，移动n-1次，比较n-1次 O(n)
      数组完全无序，每次都要移动位置，移动1+2+3..+n-1次，比较1+2+3..+n-1次 O(n^2)
2. 直接插入排序能否保证在每一趟都能至少将一个元素放在其最终的位置上？是否是稳定的排序算法？ (2*)
      答：(正确)
      不能（类比打麻将，就算前面码好的牌也会因为后面的牌插入而重排），稳定
3. 对下面数据表，写出采用希尔排序算法排序的每趟的结果。 (2*)
      (78  100  120 25  85  40  90  15  60  35  105  50  30 10  28  12)
       1    2    3   4   5   6   7   8   9  10   11  12  13 14  15  16
      答：元素个数：16，间隙 16/2=8 8/2=4 4/2=2 2/2=1
      78  100  120 50  85  40  90  15  60  35  105  25  30 10  28  12
      85  100  120 50  78  40  105  25  60  35  90  15  30 10  28  12
      120  100  105 50  90  40  85  35  78  25  60  15  30 12  28  10
      120 105 100  90 85 78  60  50  40   35  30 28 25  15  12  10
4. 对下面数据表，写出采用冒泡排序算法排序的每趟的结果，并标明数据移动情况。 (2*)
      (105  50  30  25  85  40  100 12  10  28)
      答：(正确)
      元素个数：10
      105  50  30  85  40  100  25 12  28  10
      105  50  85  40  100  30  25 28  12  10
      105  85  50  100  40  30  28 25  12  10
      105  85  100  50  40  30  28 25  12  10
      105  100  85  50  40  30  28 25  12  10
      ...同
5. 对下面数据表，写出采用快速排序算法排序的每趟的结果，并标明每趟的数据移动情况。 (3*)
      (50  30  120  25  85  40  100 12  90  15  60  35  105 78 10  28)
      答：(正确)
      元素个数：16 选择第一个元素作枢轴 50 | 28、90 | 12、40、85、105 | 10、15、30、78、100、120
      28  30  10  25  35  40 15  12  50  90   60  100  105 78   85   120
      12  15  10  25  28  40 35  30  50  85   60  78   90  105  100  120
      10  12  15  25  28  30 35  40  50  78   60  85   90  100  105  120
      10  12  15  25  28  30 35  40  50  60   78  85   90  100  105  120
6. 已知数组A[n]中的元素为整型，设计算法将其中所有的奇数调整到数组的左边，而将所有的偶数调整到数组的右边，并要求时间复杂度为O(n)。 (3*)
      答：(正确)
7. 已知数组A[n]中的元素为整型，设计算法将其调整为三部分，其中左边所有元素为3的倍数，中间所有元素除3余1，右边所有元素除3余2，并要求时间复杂度为O(n)。 (3*)
      答：(正确)
8. 设计算法以实现如下功能：不用完整排序，求解出按大小关系为第k位的元素。(3*)
      答：(正确)
      改进堆排序即可
9. 判断下列各序列是否是堆： (1*)
      (a)  (100,60,80,90,40,20,30,70,35)
      (b)  (100,80,90,60,40,20,70,30,35)
      (c)  (100,90,80,40,20,70,30,60,35)
      (d)  (20,30,40,35,60,80,90,100,70)
      答：(正确)
      (a)不是(b)是(c)不是(d)是
10. 将下面数据表分别调整为大根堆和小根堆。 (2*)
      (50  30  120  25  85  40  100 12  90  15  60  35  105 78 10  28)
      答：(正确)
      120 90 105 30 85 50 100 28 25 15 60 30 40 78 10 12
      10 12 35 25 15 40 78 28 90 85 60 50 105 120 100 30
11. 由初始建堆过程的讨论可知，调整过程可以是递归形式的，请写出这一递归形式的算法。 (3*)
      答：(正确)
12. 对长度为10000的数据表，如果在不用完整排序的情况下，要求找出其中最大的10个数，应选用何种排序算法最节省时间？ (2*)
      答：(正确)
      堆排序（最大堆）
13. 如果递增有序的数据表A、B分别代表一个集合，设计算法以求解此类集合的交、并差等运算。 (3*)
      答：(正确)
